5 1 1 1 1 1 1 1 1 1 1 1 1 19 20 1 1 1 1 1 1 1 1 1 1 1 1 6 
4 9 9 9 9 9 9 9 9 9 9 9 9 11 13 9 9 9 9 9 9 9 9 9 9 9 9 2
4 9 14 12 12 15 9 14 12 12 12 15 9 11 13 9 14 12 12 12 15 9 14 12 12 15 9 2
4 18 11 27 27 13 9 11 27 27 27 13 9 11 13 9 11 27 27 27 13 9 11 27 27 13 18 2
4 9 17 10 10 16 9 17 10 10 10 16 9 17 16 9 17 10 10 10 16 9 17 10 10 16 9 2
4 9 9 9 9 9 9 9 9 9 9 9 9 9 9 9 9 9 9 9 9 9 9 9 9 9 9 2
4 9 14 12 12 15 9 14 15 9 14 12 12 12 12 12 12 15 9 14 15 9 14 12 12 15 9 2
4 9 17 10 10 16 9 11 13 9 17 10 10 34 33 10 10 16 9 11 13 9 17 10 10 16 9 2
4 9 9 9 9 9 9 11 13 9 9 9 9 11 13 9 9 9 9 11 13 9 9 9 9 9 9 2
8 3 3 3 3 31 9 11 32 12 12 15 27 11 13 27 14 12 12 35 13 9 30 3 3 3 3 7
27 27 27 27 27 4 9 11 33 10 10 16 27 17 16 27 17 10 10 34 13 9 2 27 27 27 27 27
27 27 27 27 27 4 9 11 13 27 27 27 27 27 27 27 27 27 27 11 13 9 2 27 27 27 27 27 
27 27 27 27 27 4 9 11 13 27 36 3 40 42 42 41 3 39 27 11 13 9 2 27 27 27 27 27
1 1 1 1 1 28 9 17 16 27 2 27 27 27 27 27 27 4 27 17 16 9 29 1 1 1 1 1
27 27 27 27 27 27 9 27 27 27 2 27 27 27 27 27 27 4 27 27 27 9 27 27 27 27 27 27
3 3 3 3 3 31 9 14 15 27 2 27 27 27 27 27 27 4 27 14 15 9 30 3 3 3 3 3
27 27 27 27 27 4 9 11 13 27 37 1 1 1 1 1 1 38 27 11 13 9 2 27 27 27 27 27
27 27 27 27 27 4 9 11 13 27 27 27 27 27 27 27 27 27 27 11 13 9 2 27 27 27 27 27
27 27 27 27 27 4 9 11 13 27 14 12 12 12 12 12 12 15 27 11 13 9 2 27 27 27 27 27
5 1 1 1 1 28 9 17 16 27 17 10 10 34 33 10 10 16 27 17 16 9 29 1 1 1 1 6
4 9 9 9 9 9 9 9 9 9 9 9 9 11 13 9 9 9 9 9 9 9 9 9 9 9 9 2
4 9 14 12 12 15 9 14 12 12 12 15 9 11 13 9 14 12 12 12 15 9 14 12 12 15 9 2
4 9 17 10 34 13 9 17 10 10 10 16 9 17 16 9 17 10 10 10 16 9 11 33 10 16 9 2
4 18 9 9 11 13 9 9 9 9 9 9 9 27 27 9 9 9 9 9 9 9 11 13 9 9 18 2
21 12 15 9 11 13 9 14 15 9 14 12 12 12 12 12 12 15 9 14 15 9 11 13 9 14 12 26
22 10 16 9 17 16 9 11 13 9 17 10 10 34 33 10 10 16 9 11 13 9 17 16 9 17 10 25
4 9 9 9 9 9 9 11 13 9 9 9 9 11 13 9 9 9 9 11 13 9 9 9 9 9 9 2
4 9 14 12 12 12 12 35 32 12 12 15 9 11 13 9 14 12 12 35 32 12 12 12 12 15 9 2
4 9 17 10 10 10 10 10 10 10 10 16 9 17 16 9 17 10 10 10 10 10 10 10 10 16 9 2
4 9 9 9 9 9 9 9 9 9 9 9 9 9 9 9 9 9 9 9 9 9 9 9 9 9 9 2
8 3 3 3 3 3 3 3 3 3 3 3 3 3 3 3 3 3 3 3 3 3 3 3 3 3 3 7

